--------No. 0: 20251101_161446----------
best_fitness_original: 2.85863773766104 
max_fitness: 0.0642417379886331
min_fitness: 0.0042874966808269955
最优的基因型(max):[5 0 6 5 4 3 5 4 5 1 4 5 4 2 4 1 3 6 2 5 1 2 2 6] 
最优的基因型(min): [0 0 3 3 0 6 6 3 2 5 2 5 0 1 5 6 3 5 5 0 6 0 0 0] 
--------No. 2: 20251101_165253----------
best_fitness_original: 2.8579515615409425 
max_fitness: 0.052563412174403516
min_fitness: 0.009112401151714617
最优的基因型(max):[5 0 6 5 4 3 5 4 5 1 4 5 4 2 4 1 3 6 2 5 1 2 2 6] 
最优的基因型(min): [3 1 1 2 5 4 0 7 6 1 4 5 0 1 5 6 3 5 5 0 6 0 0 0] 
--------No. 4: 20251101_173148----------
best_fitness_original: 2.8472187031450735 
max_fitness: 0.04786754804888128
min_fitness: 0.005744317576765365
最优的基因型(max):[5 0 6 5 4 3 5 4 5 1 3 5 4 2 4 1 3 6 2 4 1 2 1 6] 
最优的基因型(min): [3 1 1 2 5 4 0 7 6 0 4 5 0 1 5 6 3 5 5 0 7 0 0 0] 
--------No. 6: 20251101_181106----------
best_fitness_original: 2.8408346708116996 
max_fitness: 0.0423444732370411
min_fitness: 0.005546504523001775
最优的基因型(max):[5 0 6 5 4 3 4 4 4 1 4 5 4 2 5 2 3 6 2 5 2 2 1 6] 
最优的基因型(min): [2 2 1 2 6 4 0 7 6 0 4 5 0 1 5 6 3 4 5 0 7 0 0 0] 
--------No. 8: 20251101_184842----------
best_fitness_original: 2.8390556081933367 
max_fitness: 0.038685899016446965
min_fitness: 0.010626432685910715
最优的基因型(max):[5 0 6 5 4 3 4 4 4 1 4 5 4 2 5 2 3 6 3 5 2 2 1 6] 
最优的基因型(min): [6 6 4 2 2 1 5 3 0 6 4 2 5 6 5 1 3 3 1 3 0 6 0 0] 
--------No. 10: 20251101_192814----------
best_fitness_original: 2.8326898281291206 
max_fitness: 0.04071654701479411
min_fitness: 0.009620088276702972
最优的基因型(max):[5 0 6 5 4 3 5 4 4 1 4 5 4 2 5 2 3 6 3 5 2 3 1 6] 
最优的基因型(min): [3 6 0 3 4 4 5 4 0 4 5 5 2 2 0 3 0 4 6 2 6 4 5 0] 
--------No. 12: 20251101_200711----------
best_fitness_original: 2.83986797822775 
max_fitness: 0.04204536476942441
min_fitness: 0.009942416658398446
最优的基因型(max):[5 0 6 5 4 3 5 4 4 1 4 5 4 2 5 2 3 6 3 5 2 3 1 6] 
最优的基因型(min): [3 6 0 3 4 4 5 4 0 4 5 5 2 2 0 3 0 4 6 3 6 4 5 0] 
--------No. 14: 20251101_204552----------
best_fitness_original: 2.8230918800595335 
max_fitness: 0.04028741623401247
min_fitness: 0.009308764844925965
最优的基因型(max):[5 0 6 5 4 3 4 5 4 1 4 5 4 2 5 2 3 6 3 5 2 3 1 6] 
最优的基因型(min): [3 0 4 2 4 4 3 3 6 3 0 1 1 2 4 6 3 5 5 0 7 0 0 0] 
--------No. 16: 20251101_212658----------
best_fitness_original: 2.8311329894699857 
max_fitness: 0.036394453370300846
min_fitness: 0.0077333140620597625
最优的基因型(max):[5 0 6 5 4 3 5 4 4 1 4 5 4 2 5 2 3 6 3 6 3 3 1 6] 
最优的基因型(min): [1 0 4 7 3 0 4 2 0 0 3 5 0 1 2 5 4 6 4 6 6 4 4 0] 
--------No. 18: 20251101_220606----------
best_fitness_original: 2.8224520189607527 
max_fitness: 0.03971743013587814
min_fitness: 0.008643259451918907
最优的基因型(max):[4 0 6 5 4 3 4 5 4 1 3 5 3 2 5 3 2 6 3 5 2 3 2 6] 
最优的基因型(min): [6 6 1 6 1 5 0 0 6 0 1 1 5 0 3 6 0 3 3 2 6 2 6 6] 
--------No. 20: 20251101_224557----------
best_fitness_original: 2.8072783951022373 
max_fitness: 0.04074342387376704
min_fitness: 0.006420623959734928
最优的基因型(max):[3 0 6 5 4 3 4 5 4 1 3 5 3 2 5 4 2 6 3 5 2 3 2 6] 
最优的基因型(min): [1 0 3 0 1 4 4 3 0 4 0 0 2 1 0 5 5 0 2 5 4 2 2 2] 
--------No. 22: 20251101_232523----------
best_fitness_original: 2.81135965313671 
max_fitness: 0.04047101683260516
min_fitness: 0.006461372365851972
最优的基因型(max):[3 0 6 5 5 3 4 5 4 1 3 5 3 2 5 4 2 6 3 5 3 3 2 6] 
最优的基因型(min): [1 0 2 0 1 5 4 4 0 3 0 0 2 1 0 5 5 0 2 5 4 2 2 2] 
--------No. 24: 20251102_000324----------
best_fitness_original: 2.804921878031423 
max_fitness: 0.03789128515871254
min_fitness: 0.009326824738055276
最优的基因型(max):[3 0 6 5 4 3 4 5 4 1 3 4 4 2 5 4 2 6 3 5 2 3 2 6] 
最优的基因型(min): [1 0 2 0 1 5 4 4 1 3 0 0 3 1 0 5 5 0 2 5 3 2 2 2] 
--------No. 26: 20251102_004259----------
best_fitness_original: 2.8005787136989224 
max_fitness: 0.03825567519414393
min_fitness: 0.008966315031666365
最优的基因型(max):[3 0 6 5 5 3 4 5 4 1 3 5 3 2 5 4 2 6 3 5 3 4 2 5] 
最优的基因型(min): [6 5 6 6 5 4 5 1 3 3 0 0 3 1 0 5 5 0 1 2 7 3 4 0] 
--------No. 28: 20251102_012514----------
best_fitness_original: 2.803429983593911 
max_fitness: 0.03743246883215863
min_fitness: 0.007377337774323393
最优的基因型(max):[3 0 6 5 5 3 4 5 4 1 3 5 3 3 4 4 2 6 3 5 3 4 2 5] 
最优的基因型(min): [2 0 4 5 4 3 0 1 0 1 6 4 2 0 4 3 3 3 1 6 3 0 2 0] 
--------No. 30: 20251102_020508----------
best_fitness_original: 2.8003211961620083 
max_fitness: 0.03711376206461343
min_fitness: 0.0040741257895589595
最优的基因型(max):[2 0 6 5 5 3 4 5 5 1 3 5 3 2 5 4 2 6 3 5 3 4 2 5] 
最优的基因型(min): [2 0 4 5 4 3 0 0 0 1 6 3 2 0 4 3 3 3 1 6 3 0 2 0] 
--------No. 32: 20251102_024606----------
best_fitness_original: 2.799518033934183 
max_fitness: 0.03737795466108572
min_fitness: 0.008781620872873805
最优的基因型(max):[2 0 6 4 5 3 4 5 5 1 3 5 3 2 5 4 2 6 3 5 3 4 2 5] 
最优的基因型(min): [2 0 4 6 4 3 0 0 0 1 6 3 2 0 4 4 2 6 3 5 2 2 2 6] 
--------No. 34: 20251102_032524----------
best_fitness_original: 2.7766906117616377 
max_fitness: 0.03853996573314117
min_fitness: 0.00789757573130667
最优的基因型(max):[1 0 6 5 5 4 4 5 4 1 3 5 3 3 3 4 2 6 3 5 3 4 2 5] 
最优的基因型(min): [0 4 1 0 4 6 3 0 4 5 0 5 1 6 5 2 3 1 4 4 2 3 4 5] 
--------No. 36: 20251102_040625----------
best_fitness_original: 2.775716220999818 
max_fitness: 0.03903676471649979
min_fitness: 0.008288691609343287
最优的基因型(max):[1 0 6 5 5 4 4 5 4 1 3 5 3 3 3 4 2 6 3 5 3 4 2 5] 
最优的基因型(min): [3 2 0 5 6 0 2 0 0 1 3 1 2 5 1 2 4 4 6 5 3 5 4 6] 
--------No. 38: 20251102_044635----------
best_fitness_original: 2.778452821108865 
max_fitness: 0.0406503375356979
min_fitness: 0.012313615828459475
最优的基因型(max):[1 0 6 5 5 4 4 5 4 1 3 5 3 3 3 4 2 6 3 5 3 4 2 5] 
最优的基因型(min): [2 0 3 5 3 3 6 4 3 2 5 0 3 6 0 2 4 5 4 4 6 5 0 0] 
--------No. 40: 20251102_052746----------
best_fitness_original: 2.7762725041506267 
max_fitness: 0.040899694735485756
min_fitness: 0.004628971726107764
最优的基因型(max):[1 0 6 5 5 4 4 5 4 1 3 5 4 3 3 4 2 5 3 5 3 4 2 5] 
最优的基因型(min): [5 2 3 0 5 5 1 3 3 0 1 4 0 2 0 0 1 0 2 1 6 4 1 0] 
--------No. 42: 20251102_060901----------
best_fitness_original: 2.7762636588789165 
max_fitness: 0.03915327853604434
min_fitness: 0.008992894638736584
最优的基因型(max):[1 0 6 5 5 4 4 5 4 1 3 5 4 3 3 4 2 5 3 5 3 4 2 5] 
最优的基因型(min): [2 1 3 5 3 3 7 4 3 2 5 0 3 7 0 2 4 6 6 4 6 5 0 0] 
--------No. 44: 20251102_064906----------
best_fitness_original: 2.771449454149895 
max_fitness: 0.03883074927383007
min_fitness: 0.004228024986462444
最优的基因型(max):[1 0 6 5 5 4 4 5 4 1 3 5 4 3 3 4 2 5 3 5 3 4 2 5] 
最优的基因型(min): [3 4 0 5 0 1 2 3 0 0 2 2 1 5 1 0 6 3 0 3 4 4 5 3] 
--------No. 46: 20251102_072756----------
best_fitness_original: 2.745224129200482 
max_fitness: 0.03808128802624246
min_fitness: 0.008299013207338168
最优的基因型(max):[1 0 6 4 6 5 4 5 5 1 3 5 3 3 3 4 2 6 3 5 3 4 2 5] 
最优的基因型(min): [3 4 0 5 1 1 1 3 0 0 2 2 1 5 1 0 6 3 0 3 4 4 5 3] 
--------No. 48: 20251102_080858----------
best_fitness_original: 2.742326071413877 
max_fitness: 0.03992036586020854
min_fitness: 0.004137826894409424
最优的基因型(max):[1 0 6 4 6 5 4 5 5 1 3 5 3 3 3 4 2 7 3 5 3 4 2 5] 
最优的基因型(min): [2 4 0 5 1 1 0 2 0 0 2 2 1 5 1 0 6 3 0 3 4 4 4 3] 
--------No. 50: 20251102_084844----------
best_fitness_original: 2.7413560026053454 
max_fitness: 0.042301229641027435
min_fitness: 0.009823854186516975
最优的基因型(max):[1 0 6 4 6 5 4 5 5 1 4 5 3 3 3 4 2 6 3 6 3 4 2 5] 
最优的基因型(min): [2 2 1 6 5 1 5 0 6 4 0 0 0 1 5 6 1 1 1 3 4 4 0 6] 
--------No. 52: 20251102_092853----------
best_fitness_original: 2.740136151586784 
max_fitness: 0.04252263604347921
min_fitness: 0.007545284961343364
最优的基因型(max):[1 0 6 4 6 5 4 5 5 1 3 5 3 4 3 4 2 7 3 5 3 4 2 5] 
最优的基因型(min): [2 2 1 6 5 1 5 0 6 4 0 0 0 1 5 6 0 1 1 2 4 4 0 5] 
--------No. 54: 20251102_101048----------
best_fitness_original: 2.7435701060238977 
max_fitness: 0.039517705936523075
min_fitness: 0.011114488438348589
最优的基因型(max):[1 0 6 4 6 5 4 5 5 1 3 5 3 4 3 4 2 7 3 5 3 4 2 5] 
最优的基因型(min): [0 0 6 4 6 6 3 5 5 1 2 5 3 3 3 4 2 6 3 7 3 3 1 5] 
--------No. 56: 20251102_105029----------
best_fitness_original: 2.7359565625670723 
max_fitness: 0.03998526585567213
min_fitness: 0.011214771415304766
最优的基因型(max):[1 0 6 4 6 5 4 5 5 1 3 5 3 4 3 4 2 7 4 5 3 4 2 5] 
最优的基因型(min): [0 0 6 4 6 6 3 5 6 1 2 5 3 3 3 4 2 6 3 7 3 3 1 5] 
--------No. 58: 20251102_113007----------
best_fitness_original: 2.737349440610678 
max_fitness: 0.041410423267618277
min_fitness: 0.011734328389024608
最优的基因型(max):[1 0 6 4 6 5 4 5 5 1 3 5 2 4 3 4 2 7 4 5 3 4 2 5] 
最优的基因型(min): [2 2 0 6 1 2 5 5 5 2 5 0 5 5 0 0 3 2 2 1 4 3 6 1] 
--------No. 60: 20251102_121017----------
best_fitness_original: 2.732452756245319 
max_fitness: 0.04137402791406589
min_fitness: 0.010575386013052383
最优的基因型(max):[1 0 7 4 6 5 4 5 5 1 3 5 3 4 3 4 2 7 3 5 3 4 1 5] 
最优的基因型(min): [1 2 0 6 1 2 5 5 6 2 5 0 5 5 0 0 3 3 2 1 4 3 6 1] 
--------No. 62: 20251102_125200----------
best_fitness_original: 2.7322034106495763 
max_fitness: 0.04105004671468221
min_fitness: 0.01060212829399752
最优的基因型(max):[1 0 7 4 6 5 4 5 5 1 3 5 3 4 3 4 2 7 3 5 3 4 1 5] 
最优的基因型(min): [1 2 0 6 1 2 5 5 6 2 5 0 5 5 0 0 3 3 2 2 4 3 6 1] 
--------No. 64: 20251102_133135----------
best_fitness_original: 2.737225014759058 
max_fitness: 0.040877406302942065
min_fitness: 0.011200471344765116
最优的基因型(max):[1 0 6 4 6 5 4 5 5 1 3 5 3 4 3 4 2 7 4 5 4 4 1 5] 
最优的基因型(min): [1 2 4 5 3 6 3 6 0 2 3 1 4 1 1 4 3 2 3 1 5 1 0 0] 
--------No. 66: 20251102_140928----------
best_fitness_original: 2.7336503191913963 
max_fitness: 0.03912240251191106
min_fitness: 0.010758226779406133
最优的基因型(max):[1 0 6 4 6 5 4 5 5 1 3 5 3 4 3 4 2 7 4 5 4 4 1 5] 
最优的基因型(min): [5 6 3 4 3 0 0 5 6 4 3 2 6 5 4 2 3 6 3 0 4 0 3 2] 
--------No. 68: 20251102_145005----------
best_fitness_original: 2.7263513863961193 
max_fitness: 0.04107312236812417
min_fitness: 0.011152744290073116
最优的基因型(max):[1 0 6 3 6 5 4 5 5 1 3 5 3 4 3 4 2 7 4 5 4 4 1 5] 
最优的基因型(min): [1 3 4 2 4 0 2 0 4 0 6 4 0 4 6 1 1 4 3 3 6 2 5 3] 
--------No. 70: 20251102_152926----------
best_fitness_original: 2.7180464605101755 
max_fitness: 0.040286934787002585
min_fitness: 0.010694230071714952
最优的基因型(max):[1 0 6 3 6 5 4 5 5 1 3 5 3 4 4 4 2 7 4 5 4 5 1 4] 
最优的基因型(min): [1 3 4 2 3 0 2 0 4 0 6 4 0 4 6 1 1 4 4 3 5 2 6 3] 
--------No. 72: 20251102_160930----------
best_fitness_original: 2.7220547759328877 
max_fitness: 0.04368634056521336
min_fitness: 0.0075181527004468856
最优的基因型(max):[1 0 6 3 6 5 4 5 5 1 3 5 3 4 4 4 2 7 4 5 4 5 1 4] 
最优的基因型(min): [3 2 5 5 4 6 0 5 5 0 0 4 6 0 3 6 3 0 2 1 6 2 0 2] 
--------No. 74: 20251102_165051----------
best_fitness_original: 2.7232331919933395 
max_fitness: 0.041107318253860485
min_fitness: 0.004509964833992584
最优的基因型(max):[1 0 6 4 6 6 4 5 5 2 3 5 4 4 3 4 2 7 4 5 4 6 1 5] 
最优的基因型(min): [0 0 6 5 3 0 0 5 6 3 3 3 6 5 4 2 3 6 3 1 4 0 4 2] 
--------No. 76: 20251102_173133----------
best_fitness_original: 2.7187255456214823 
max_fitness: 0.04086865885062024
min_fitness: 0.009725839037703545
最优的基因型(max):[1 0 6 3 6 5 4 5 5 1 3 5 3 4 4 4 2 7 4 6 4 5 1 4] 
最优的基因型(min): [5 6 0 3 4 1 1 4 2 1 0 1 4 5 1 4 6 0 1 1 5 2 4 0] 
--------No. 78: 20251102_181147----------
best_fitness_original: 2.720363657821444 
max_fitness: 0.037649999406298186
min_fitness: 0.00895037338533985
最优的基因型(max):[1 0 6 3 6 5 4 5 5 1 3 5 3 4 4 4 3 7 4 5 4 5 1 4] 
最优的基因型(min): [5 7 0 3 4 1 1 4 2 1 0 1 4 5 1 4 6 0 1 1 5 2 4 0] 
--------No. 80: 20251102_185347----------
best_fitness_original: 2.722620956391307 
max_fitness: 0.03681663303255503
min_fitness: 0.010093124303791444
最优的基因型(max):[1 0 6 4 6 6 4 5 5 2 3 5 5 4 3 4 2 7 4 5 4 6 1 5] 
最优的基因型(min): [0 0 6 4 5 6 3 4 5 3 4 5 2 4 3 3 1 6 4 6 4 5 1 6] 
--------No. 82: 20251102_193225----------
best_fitness_original: 2.7192958976006985 
max_fitness: 0.040059860915155864
min_fitness: 0.010371310967012383
最优的基因型(max):[1 0 6 4 6 6 4 5 5 2 3 5 5 4 3 4 2 7 4 5 4 6 1 6] 
最优的基因型(min): [6 6 2 2 5 3 0 3 0 2 0 3 1 0 4 3 6 5 5 2 6 5 4 5] 
--------No. 84: 20251102_201326----------
best_fitness_original: 2.718619066152578 
max_fitness: 0.04093698349189393
min_fitness: 0.010492227560092843
最优的基因型(max):[1 0 6 3 6 6 4 5 5 2 3 5 5 4 4 4 2 7 4 5 4 6 1 5] 
最优的基因型(min): [6 6 2 2 5 3 0 3 0 2 0 3 1 0 5 3 6 4 5 2 6 6 3 5] 
--------No. 86: 20251102_205521----------
best_fitness_original: 2.7150181667934237 
max_fitness: 0.04087571043485804
min_fitness: 0.01050864163739836
最优的基因型(max):[1 0 6 3 6 6 4 5 5 2 3 5 5 4 4 4 2 7 4 5 4 6 1 5] 
最优的基因型(min): [6 6 2 2 5 3 0 3 0 2 0 3 1 0 5 3 7 4 4 2 6 5 4 5] 
--------No. 88: 20251102_213350----------
best_fitness_original: 2.7150663590098603 
max_fitness: 0.04242110687906721
min_fitness: 0.005332260777502309
最优的基因型(max):[1 0 6 3 6 6 4 5 5 2 3 5 5 4 4 4 2 7 4 5 4 6 1 5] 
最优的基因型(min): [0 1 2 5 5 0 2 4 0 0 4 4 3 5 2 0 1 5 0 2 5 6 0 3] 
--------No. 90: 20251102_221612----------
best_fitness_original: 2.71644187913736 
max_fitness: 0.03778274912659436
min_fitness: 0.01134586921256261
最优的基因型(max):[1 0 6 3 6 6 4 5 5 2 3 5 5 4 4 4 2 7 4 5 4 6 1 5] 
最优的基因型(min): [0 2 3 1 5 5 1 0 2 2 3 5 5 4 2 0 4 4 2 0 6 3 1 3] 
--------No. 92: 20251102_225442----------
best_fitness_original: 2.7156554089252083 
max_fitness: 0.0407431337337569
min_fitness: 0.00714225710695887
最优的基因型(max):[1 0 6 3 6 6 4 5 4 2 3 5 5 4 4 4 2 7 4 5 4 6 1 5] 
最优的基因型(min): [4 3 5 5 6 4 5 1 2 1 6 3 0 0 0 0 4 1 6 0 2 4 6 0] 
--------No. 94: 20251102_233518----------
best_fitness_original: 2.707273476399865 
max_fitness: 0.0415763737453595
min_fitness: 0.0072758157287194525
最优的基因型(max):[1 0 6 3 6 6 4 5 5 2 3 5 5 4 4 4 3 7 4 5 4 6 1 6] 
最优的基因型(min): [4 3 5 5 6 4 5 1 1 1 6 3 0 0 0 0 4 1 6 0 2 4 6 0] 
--------No. 96: 20251103_001641----------
best_fitness_original: 2.7086104471210857 
max_fitness: 0.03792263583389946
min_fitness: 0.008692617734995531
最优的基因型(max):[1 0 6 2 6 5 4 5 5 2 3 5 5 4 4 4 2 7 4 5 4 6 1 5] 
最优的基因型(min): [4 3 5 5 6 4 5 2 1 1 6 3 0 0 1 0 4 1 6 0 2 4 6 0] 
--------No. 98: 20251103_005805----------
best_fitness_original: 2.7079570001870494 
max_fitness: 0.03856901135857052
min_fitness: 0.010724088724885816
最优的基因型(max):[1 0 6 2 6 5 4 5 5 2 3 5 5 4 4 4 2 7 4 5 4 6 1 5] 
最优的基因型(min): [4 4 5 5 6 4 5 2 1 1 6 3 0 0 1 1 4 1 6 0 2 4 6 0] 
--------No. 100: 20251103_014107----------
best_fitness_original: 2.7058287075836316 
max_fitness: 0.03559014269679701
min_fitness: 0.011035415046195362
最优的基因型(max):[1 0 6 2 6 5 4 5 5 2 3 5 5 4 4 4 2 7 4 5 4 6 1 5] 
最优的基因型(min): [0 0 6 3 7 6 6 5 6 2 3 5 5 4 3 4 2 7 4 5 4 6 2 5] 
--------No. 102: 20251103_022316----------
best_fitness_original: 2.7065385175498884 
max_fitness: 0.0399244329518259
min_fitness: 0.012789709631423028
最优的基因型(max):[1 0 6 2 6 5 4 5 5 2 3 5 5 4 4 4 2 7 4 5 4 6 1 5] 
最优的基因型(min): [0 0 6 2 5 5 4 5 5 2 4 5 4 4 4 4 2 6 5 5 4 6 1 5] 
--------No. 104: 20251103_030139----------
best_fitness_original: 2.710179017902134 
max_fitness: 0.04286915236416851
min_fitness: 0.007672971235834668
最优的基因型(max):[1 0 6 2 6 5 4 5 4 2 3 5 5 4 4 4 2 7 4 5 4 6 1 5] 
最优的基因型(min): [1 5 1 1 5 0 0 5 3 6 0 5 4 4 6 1 5 2 0 6 5 1 1 6] 
--------No. 106: 20251103_034217----------
best_fitness_original: 2.7049478687083557 
max_fitness: 0.045946906346885315
min_fitness: 0.005173600435602798
最优的基因型(max):[1 0 6 1 6 5 4 5 5 2 3 5 5 4 4 4 2 7 4 5 4 6 1 5] 
最优的基因型(min): [2 4 0 0 4 7 0 2 0 2 1 5 3 1 6 3 0 3 6 3 4 6 1 4] 
--------No. 108: 20251103_042211----------
best_fitness_original: 2.7024045183199474 
max_fitness: 0.042156878752902145
min_fitness: 0.007365904178104131
最优的基因型(max):[1 0 6 1 6 5 4 5 5 2 3 5 5 4 4 4 2 7 4 5 4 6 1 5] 
最优的基因型(min): [3 5 5 5 4 0 0 2 1 5 7 6 0 5 1 3 3 0 3 2 3 4 0 2] 
--------No. 110: 20251103_050252----------
best_fitness_original: 2.7021037176155884 
max_fitness: 0.04122063248777449
min_fitness: 0.0071999882616376985
最优的基因型(max):[1 0 6 1 6 5 4 5 5 2 3 6 5 4 4 4 2 7 4 5 4 6 1 5] 
最优的基因型(min): [3 5 5 5 4 0 0 2 1 5 7 6 0 5 1 3 4 0 3 2 3 4 0 2] 
--------No. 112: 20251103_054323----------
best_fitness_original: 2.701333034508339 
max_fitness: 0.03770188343515861
min_fitness: 0.00547373877129962
最优的基因型(max):[1 0 6 1 6 5 4 5 5 2 3 6 5 4 5 4 2 7 4 5 4 6 1 5] 
最优的基因型(min): [0 5 1 1 5 0 0 5 4 6 0 5 4 4 6 1 5 3 0 7 5 1 1 6] 
--------No. 114: 20251103_062426----------
best_fitness_original: 2.70235786037859 
max_fitness: 0.03968474928790346
min_fitness: 0.0027995053425442958
最优的基因型(max):[1 0 6 1 6 5 4 5 5 2 3 6 5 4 5 4 2 7 4 5 4 6 1 5] 
最优的基因型(min): [2 6 3 0 0 5 5 0 0 3 3 0 3 1 0 6 1 3 1 2 6 1 2 0] 
--------No. 116: 20251103_070523----------
best_fitness_original: 2.700335846141322 
max_fitness: 0.039768670947555866
min_fitness: 0.0028006332390784084
最优的基因型(max):[1 0 6 1 6 5 4 5 5 2 3 6 5 4 5 4 2 7 4 5 4 6 1 5] 
最优的基因型(min): [2 6 3 0 0 5 6 0 0 3 3 0 3 1 0 5 1 3 1 2 6 1 2 0] 
--------No. 118: 20251103_074651----------
best_fitness_original: 2.69872279938395 
max_fitness: 0.04087708353237051
min_fitness: 0.005275537500256241
最优的基因型(max):[1 0 6 1 6 5 4 6 5 2 3 6 5 4 5 4 2 7 4 6 4 6 1 5] 
最优的基因型(min): [5 1 0 0 5 4 2 6 2 0 3 0 6 3 2 2 5 1 0 6 1 3 2 5] 
--------No. 120: 20251103_082805----------
best_fitness_original: 2.7029255217365344 
max_fitness: 0.03979772569872014
min_fitness: 0.005869536429949309
最优的基因型(max):[1 0 6 1 6 5 4 5 5 2 3 6 5 5 5 4 2 7 3 5 4 6 1 5] 
最优的基因型(min): [0 0 6 0 6 5 3 5 5 2 3 6 5 5 5 4 3 7 4 5 4 6 2 5] 
--------No. 122: 20251103_090907----------
best_fitness_original: 2.696732504505864 
max_fitness: 0.03837689577955007
min_fitness: 0.005564210667456146
最优的基因型(max):[1 0 6 1 6 5 4 5 5 2 3 6 5 5 5 4 2 7 3 6 4 6 1 5] 
最优的基因型(min): [0 0 6 0 7 4 3 5 5 2 3 6 4 5 4 4 2 7 4 5 4 6 1 5] 
--------No. 124: 20251103_095142----------
best_fitness_original: 2.701735149640036 
max_fitness: 0.03779141954886746
min_fitness: 0.00558452172544661
最优的基因型(max):[1 0 6 1 6 5 5 5 5 2 3 6 6 5 6 4 2 7 3 6 4 6 1 5] 
最优的基因型(min): [0 0 6 0 7 4 3 5 5 2 3 6 3 5 4 4 2 7 4 5 4 6 0 5] 
--------No. 126: 20251103_103137----------
best_fitness_original: 2.6955688739381336 
max_fitness: 0.03693225411444114
min_fitness: 0.023440502743734538
最优的基因型(max):[1 0 6 1 6 5 5 5 5 2 3 6 6 5 6 4 2 7 3 6 4 6 1 5] 
最优的基因型(min): [1 0 6 0 5 4 4 5 4 3 3 6 5 5 6 5 2 7 4 5 3 5 2 5] 
--------No. 128: 20251103_111340----------
best_fitness_original: 2.6944877346720912 
max_fitness: 0.044164272980626945
min_fitness: 0.004357441391653769
最优的基因型(max):[1 0 6 1 6 5 5 5 5 2 3 6 6 5 6 4 2 7 3 6 4 6 1 5] 
最优的基因型(min): [0 4 4 1 0 2 1 2 0 1 0 0 1 4 1 0 2 5 1 1 5 1 4 6] 
--------No. 130: 20251103_115510----------
best_fitness_original: 2.6926309506028225 
max_fitness: 0.041565447222581
min_fitness: 0.008474895941006947
最优的基因型(max):[1 0 6 1 6 5 4 5 5 2 3 5 6 5 6 4 2 7 3 6 4 6 1 5] 
最优的基因型(min): [1 4 4 1 0 2 1 2 0 1 0 0 1 4 1 0 3 5 1 1 5 1 4 6] 
--------No. 132: 20251103_123620----------
best_fitness_original: 2.6894015531949917 
max_fitness: 0.04144056814553383
min_fitness: 0.005942602386517065
最优的基因型(max):[1 0 6 1 6 5 4 5 5 2 3 5 6 5 6 4 2 7 3 6 4 6 1 4] 
最优的基因型(min): [1 4 4 1 0 2 1 2 0 1 0 0 0 4 1 0 3 5 1 1 5 1 4 6] 
--------No. 134: 20251103_131744----------
best_fitness_original: 2.6953064486031595 
max_fitness: 0.03976309359451885
min_fitness: 0.00586143743372657
最优的基因型(max):[1 0 6 1 6 5 4 5 5 2 3 5 6 5 6 4 2 7 3 6 4 6 1 4] 
最优的基因型(min): [0 0 5 0 6 5 4 4 5 3 3 6 6 5 5 4 2 7 3 6 4 6 1 5] 
--------No. 136: 20251103_135938----------
best_fitness_original: 2.6995471149656325 
max_fitness: 0.036601381981822986
min_fitness: 0.006080631705566905
最优的基因型(max):[1 0 6 1 6 5 4 5 5 2 3 5 7 5 6 4 2 7 3 6 4 6 1 4] 
最优的基因型(min): [3 2 6 2 0 2 1 3 0 1 0 0 1 5 1 0 4 5 1 2 5 0 4 6] 
--------No. 138: 20251103_144236----------
best_fitness_original: 2.691325519345941 
max_fitness: 0.036529917524366205
min_fitness: 0.007733766063920212
最优的基因型(max):[1 0 6 1 6 5 4 5 5 2 3 5 7 5 6 4 2 7 3 6 4 6 1 4] 
最优的基因型(min): [1 5 3 3 5 4 0 0 4 5 3 1 5 1 0 0 2 5 2 1 4 0 1 4] 
--------No. 140: 20251103_152320----------
best_fitness_original: 2.697650345621192 
max_fitness: 0.04141923981792023
min_fitness: 0.007393366760263742
最优的基因型(max):[1 0 6 1 6 5 4 4 5 2 3 5 7 5 6 4 2 7 4 6 4 6 1 4] 
最优的基因型(min): [6 6 1 0 4 3 2 3 2 0 3 0 6 1 4 4 3 2 3 3 0 4 6 0] 
--------No. 142: 20251103_160351----------
best_fitness_original: 2.6901671560643563 
max_fitness: 0.04090319228474629
min_fitness: 0.007071710200224787
最优的基因型(max):[1 0 6 1 6 5 4 4 5 2 3 5 7 5 6 4 2 7 4 6 4 6 1 4] 
最优的基因型(min): [2 5 3 3 4 5 0 0 4 5 3 1 5 1 0 0 0 5 2 1 4 0 1 4] 
--------No. 144: 20251103_164514----------
best_fitness_original: 2.685074059259208 
max_fitness: 0.0402165750133616
min_fitness: 0.004839646467671632
最优的基因型(max):[1 0 6 1 6 5 4 4 5 2 3 5 7 6 6 4 2 7 4 6 4 6 1 4] 
最优的基因型(min): [2 5 3 3 5 6 0 0 3 6 2 1 5 0 0 0 0 6 2 1 4 0 1 4] 
--------No. 146: 20251103_172745----------
best_fitness_original: 2.6908340604827616 
max_fitness: 0.04016565076194654
min_fitness: 0.012755284013563226
最优的基因型(max):[1 0 6 1 6 5 4 4 5 2 3 5 7 6 6 4 2 7 4 6 4 6 1 4] 
最优的基因型(min): [0 0 7 1 6 5 4 6 6 2 4 5 6 6 7 4 2 7 3 6 4 6 1 4] 
